
Sudoku To Solve 

{8,9,1,2,3,4,5,6,7},
{2,3,4,5,6,7,1,8,9},
{5,6,7,8,0,0,0,0,4},
{0,0,0,0,0,0,0,0,3},
{0,0,0,0,0,0,0,0,6},
{3,7,9,4,5,6,8,2,1},
{9,4,5,3,1,2,6,7,8},
{7,8,3,6,4,5,9,1,2},
{6,1,2,9,7,8,3,4,5}

Sudoku Solved

{8,9,1,2,3,4,5,6,7},
{2,3,4,5,6,7,1,8,9},
{5,6,7,8,9,1,2,3,4},
{1,2,6,7,8,9,4,5,3},
{4,5,8,1,2,3,7,9,6},
{3,7,9,4,5,6,8,2,1},
{9,4,5,3,1,2,6,7,8},
{7,8,3,6,4,5,9,1,2},
{6,1,2,9,7,8,3,4,5}

Sudoku To Solve 

{8,9,1,2,3,4,5,6,7},
{2,3,4,5,6,7,1,8,9},
{5,6,7,8,9,0,0,0,4},
{0,0,0,0,0,0,0,0,3},
{0,0,0,0,0,0,0,0,6},
{0,7,9,4,5,6,8,2,1},
{9,4,5,3,1,2,6,7,8},
{7,8,3,6,4,5,9,1,2},
{6,1,2,9,7,8,3,4,5}

Sudoku Solved

{8,9,1,2,3,4,5,6,7},
{2,3,4,5,6,7,1,8,9},
{5,6,7,8,9,1,2,3,4},
{1,2,6,7,8,9,4,5,3},
{4,5,8,1,2,3,7,9,6},
{3,7,9,4,5,6,8,2,1},
{9,4,5,3,1,2,6,7,8},
{7,8,3,6,4,5,9,1,2},
{6,1,2,9,7,8,3,4,5}
